

             [38;2;22;148;211m=[38;2;23;150;213m+[0m
            [38;2;23;146;208m=[38;2;24;154;219m+[38;2;24;153;217m+[38;2;22;147;209m=[0m
            [38;2;24;155;220m+[38;2;23;147;209m==[38;2;25;158;224m+[0m
           [38;2;22;147;208m=[38;2;24;155;221m+[38;2;23;148;211m=[38;2;23;146;208m=[38;2;23;148;211m=[38;2;23;151;215m+[0m
          [38;2;22;148;209m=[38;2;23;150;213m+[38;2;22;148;210m=[38;2;24;151;215m+[38;2;23;149;211m=[38;2;23;146;208m=[38;2;24;152;216m+[38;2;23;148;212m=[0m
         [38;2;22;146;207m=[38;2;25;161;229m+[38;2;24;154;219m+[38;2;23;146;209m=[38;2;23;147;208m=[38;2;23;148;210m=[38;2;23;147;209m=[38;2;23;145;207m=[38;2;25;157;223m+[38;2;23;146;208m=[0m
         [38;2;24;156;222m+[38;2;23;147;210m=[38;2;23;146;208m=[38;2;23;148;210m==[38;2;23;146;208m=[38;2;23;147;208m=[38;2;23;147;209m=[38;2;23;146;208m=[38;2;25;158;225m+[38;2;21;146;207m=[0m
        [38;2;23;151;215m+[38;2;23;149;212m=[38;2;23;146;208m=[38;2;23;147;208m=[38;2;24;153;217m+[38;2;24;156;222m+[38;2;25;157;223m+[38;2;24;153;218m+[38;2;23;147;208m=[38;2;23;147;209m=[38;2;23;148;210m=[38;2;24;155;220m+[0m
       [38;2;23;150;213m+[38;2;24;151;215m+[38;2;23;147;208m=[38;2;23;146;207m=[38;2;24;154;219m+[38;2;22;148;211m=[0m  [38;2;23;148;211m=[38;2;24;154;219m+[38;2;23;146;207m=[38;2;23;146;208m=[38;2;23;150;213m+[38;2;24;151;215m+[0m
      [38;2;23;148;211m=[38;2;24;155;220m+[38;2;23;146;208m=[38;2;23;147;208m=[38;2;24;153;218m+[38;2;23;148;211m=[0m    [38;2;23;148;210m=[38;2;24;154;219m+[38;2;23;147;209m=[38;2;23;146;207m=[38;2;24;154;219m+[38;2;23;149;213m=[0m
     [38;2;23;146;209m=[38;2;25;158;224m+[38;2;23;146;208m=[38;2;23;147;209m=[38;2;23;147;208m=[38;2;24;154;219m+[0m      [38;2;23;151;216m+[38;2;23;146;209m=[38;2;23;148;210m=[38;2;23;147;208m=[38;2;23;153;217m+[38;2;23;148;210m=[0m
    [38;2;22;146;208m=[38;2;24;156;222m+[38;2;22;146;208m=[38;2;23;147;209m=[38;2;24;152;215m+[38;2;24;155;221m+[38;2;25;161;229m+[0m      [38;2;24;154;219m+[38;2;24;157;223m+[38;2;24;151;215m+[38;2;23;149;211m=[38;2;23;149;212m=[38;2;23;149;213m=[0m
    [38;2;25;158;225m+[38;2;24;154;218m+[38;2;25;157;223m+[38;2;23;148;210m=[38;2;23;147;210m=[38;2;23;148;210m=[38;2;23;151;216m+[0m      [38;2;23;149;211m=[38;2;23;148;209m=[38;2;23;147;210m=[38;2;23;148;211m=[38;2;25;162;230m+[38;2;25;158;224m+[38;2;24;153;216m+[0m
   [38;2;25;162;230m+[38;2;23;150;214m+[38;2;24;148;212m=[0m                [38;2;22;148;210m=[38;2;23;150;213m+[38;2;26;165;235m+[0m
  [38;2;23;148;209m=[0m                      [38;2;23;148;209m=[0m

