
           [38;2;0;227;215m*[38;2;0;220;208m*[0m  [38;2;0;222;209m*[38;2;0;225;213m*[0m
          [38;2;0;218;212m*[38;2;0;255;248m#[38;2;0;215;209m*[0m  [38;2;0;217;211m*[38;2;0;255;247m#[38;2;0;219;212m*[0m
         [38;2;0;218;216m*[38;2;0;245;242m#[38;2;0;218;216m*[0m    [38;2;0;219;216m*[38;2;0;245;242m#[38;2;0;217;215m*[0m
        [38;2;0;216;219m*[38;2;0;240;244m#[38;2;0;213;217m*[0m      [38;2;0;213;217m*[38;2;0;241;244m#[38;2;0;216;219m*[0m
       [38;2;0;213;222m*[38;2;0;235;245m#[38;2;0;209;217m*[0m        [38;2;0;210;218m*[38;2;0;235;245m#[38;2;0;213;222m*[0m
      [38;2;0;210;225m*[38;2;0;229;244m#[38;2;0;204;217m*[0m          [38;2;0;205;218m*[38;2;0;229;245m#[38;2;0;210;224m*[0m
     [38;2;0;205;224m*[38;2;0;223;245m*[38;2;0;200;218m*[0m            [38;2;0;201;220m*[38;2;0;224;246m*[38;2;0;205;224m*[0m
    [38;2;0;195;219m*[38;2;0;222;249m*[38;2;0;198;222m*[0m              [38;2;0;197;222m*[38;2;0;222;249m*[38;2;0;196;219m*[0m
    [38;2;0;211;244m*[38;2;0;200;231m*[0m                [38;2;0;201;232m*[38;2;0;210;242m*[0m
   [38;2;0;189;224m+[38;2;0;216;255m*[38;2;0;188;223m+[0m                [38;2;0;189;225m+[38;2;0;215;255m*[38;2;0;189;224m+[0m
   [38;2;0;188;227m+[38;2;0;213;254m*[38;2;0;187;227m+[0m                [38;2;0;187;226m+[38;2;0;213;255m*[38;2;0;186;226m+[0m
   [38;2;0;182;228m+[38;2;0;207;255m*[38;2;0;182;227m+[0m                [38;2;0;182;228m+[38;2;0;207;255m*[38;2;0;182;227m+[0m
    [38;2;0;189;243m+[38;2;0;192;245m*[0m                [38;2;0;192;246m*[38;2;0;187;240m+[0m
    [38;2;0;173;228m+[38;2;0;198;255m*[38;2;0;184;242m+[0m              [38;2;0;184;242m+[38;2;0;197;255m*[0m
      [38;2;0;183;248m+[38;2;0;197;255m*[38;2;0;176;240m+[0m          [38;2;0;177;240m+[38;2;0;198;255m*[38;2;0;181;245m+[0m
       [38;2;0;175;244m+[38;2;0;176;245m+[38;2;0;190;255m*[38;2;0;173;242m+[38;2;0;171;240m+[38;2;0;169;239m+[38;2;0;169;238m+[38;2;0;171;238m+[38;2;0;170;239m+[38;2;0;172;240m+[38;2;0;172;241m+[38;2;0;190;255m*[38;2;0;176;244m+[38;2;0;175;244m+[0m
          [38;2;0;170;243m++[38;2;0;169;242m+[38;2;0;175;250m++[38;2;0;170;242m++[38;2;0;170;244m+[0m
