    [38;2;26;211;225m*[38;2;25;208;223m*[38;2;25;206;220m*[38;2;25;205;219m****************[38;2;25;206;220m*[38;2;25;208;223m*[38;2;26;211;225m*[0m
  [38;2;24;206;219m*[38;2;26;211;226m*[38;2;26;214;229m*[38;2;25;207;221m*[38;2;25;205;219m******************[38;2;25;207;221m*[38;2;26;214;229m*[38;2;26;211;226m*[38;2;26;206;219m*[0m
 [38;2;24;202;217m*[38;2;28;227;243m#[38;2;25;205;219m*[38;2;25;204;218m*[38;2;25;205;219m********************[38;2;25;204;218m*[38;2;25;205;219m*[38;2;28;227;243m#[38;2;24;202;217m*[0m
 [38;2;26;211;225m*[38;2;25;207;221m*[38;2;25;204;218m*[38;2;25;205;219m**********************[38;2;25;204;218m*[38;2;25;207;221m*[38;2;26;211;225m*[0m
[38;2;25;205;219m*[38;2;26;215;229m*[38;2;25;205;218m*[38;2;25;205;219m************************[38;2;25;205;218m*[38;2;26;215;229m*[38;2;25;205;219m*[0m
[38;2;24;205;219m*[38;2;25;207;221m*[38;2;25;205;219m**************************[38;2;25;207;221m*[38;2;24;204;219m*[0m
[38;2;25;204;219m*[38;2;25;205;219m*****************[38;2;25;204;218m*[38;2;25;202;216m*[38;2;25;203;217m*[38;2;25;205;219m********[38;2;25;204;218m*[0m
[38;2;25;205;219m*****************[38;2;25;204;218m*[38;2;25;210;225m*[38;2;24;217;232m*[38;2;24;215;230m*[38;2;25;206;220m*[38;2;25;205;219m********[0m
[38;2;25;205;219m****************[38;2;25;204;218m*[38;2;25;209;224m*[38;2;27;176;187m+[38;2;29;140;149m=[38;2;28;151;161m=[38;2;25;201;215m*[38;2;25;206;220m*[38;2;25;205;219m*******[0m
[38;2;25;205;219m****************[38;2;25;202;216m*[38;2;24;218;233m*[38;2;30;116;122m-[38;2;38;9;7m [38;2;36;43;43m.[38;2;26;194;207m*[38;2;25;208;222m*[38;2;25;204;218m*[38;2;25;205;219m******[0m
[38;2;25;205;219m***[38;2;25;204;218m***[38;2;25;203;217m*[38;2;25;204;218m*[38;2;25;206;220m*[38;2;25;203;217m**[38;2;25;204;218m*[38;2;25;203;217m*[38;2;25;206;220m*[38;2;25;204;218m*[38;2;25;203;217m*[38;2;25;202;216m*[38;2;24;217;232m*[38;2;30;122;129m=[38;2;37;23;22m.[38;2;35;54;55m.[38;2;26;195;208m*[38;2;25;208;222m*[38;2;25;204;218m*[38;2;25;205;219m******[0m
[38;2;25;205;219m***[38;2;25;210;225m*[38;2;25;212;226m*[38;2;25;210;225m*[38;2;24;216;231m*[38;2;25;212;227m*[38;2;25;202;216m*[38;2;25;212;227m*[38;2;25;211;226m*[38;2;25;211;225m*[38;2;24;216;231m*[38;2;25;203;217m*[38;2;25;209;223m*[38;2;24;215;230m*[38;2;25;201;215m*[38;2;24;217;232m*[38;2;30;121;128m=[38;2;37;20;19m [38;2;35;52;53m.[38;2;26;195;208m*[38;2;25;208;222m*[38;2;25;204;218m*[38;2;25;205;219m******[0m
[38;2;25;205;219m*[38;2;25;206;220m*[38;2;25;204;218m*[38;2;32;97;102m-[38;2;34;70;73m:[38;2;33;91;96m-[38;2;30;135;143m=[38;2;34;62;64m:[38;2;35;57;59m:[38;2;34;75;79m:[38;2;27;172;183m+[38;2;27;180;192m+[38;2;34;70;73m:[38;2;35;56;58m:[38;2;34;68;70m:[38;2;29;139;147m=[38;2;25;208;222m*[38;2;24;216;231m*[38;2;30;121;128m=[38;2;37;20;19m [38;2;35;52;53m.[38;2;26;195;208m*[38;2;25;208;222m*[38;2;25;204;218m*[38;2;25;205;219m******[0m
[38;2;25;205;219m*[38;2;25;206;220m*[38;2;25;204;218m*[38;2;34;54;55m.[38;2;37;21;20m [38;2;37;28;27m.[38;2;34;64;66m:[38;2;33;81;85m:[38;2;36;33;33m.[38;2;37;22;21m [38;2;35;45;46m.[38;2;34;72;75m:[38;2;33;82;86m:[38;2;36;44;45m.[38;2;37;26;25m.[38;2;37;23;22m.[38;2;28;155;165m+[38;2;24;226;242m#[38;2;31;119;126m-[38;2;37;20;19m [38;2;35;52;53m.[38;2;26;195;208m*[38;2;25;208;222m*[38;2;25;204;218m*[38;2;25;205;219m******[0m
[38;2;25;205;219m*[38;2;25;206;220m*[38;2;25;204;218m*[38;2;34;63;65m:[38;2;36;31;31m.[38;2;35;43;44m.[38;2;26;189;201m*[38;2;23;230;246m#[38;2;32;90;95m-[38;2;37;31;31m.[38;2;36;26;26m.[38;2;29;144;153m=[38;2;23;240;255m#[38;2;30;134;142m=[38;2;37;29;29m.[38;2;37;27;26m.[38;2;31;110;116m-[38;2;23;230;246m#[38;2;31;119;125m-[38;2;37;20;19m [38;2;35;52;53m.[38;2;26;195;208m*[38;2;25;208;222m*[38;2;25;204;218m*[38;2;25;205;219m******[0m
[38;2;25;205;219m*[38;2;25;206;220m*[38;2;25;204;218m*[38;2;34;62;64m:[38;2;37;28;27m.[38;2;35;48;49m.[38;2;26;189;201m*[38;2;24;218;233m*[38;2;32;101;106m-[38;2;37;26;26m.[38;2;36;31;31m.[38;2;28;156;166m+[38;2;24;223;239m#[38;2;29;144;153m=[38;2;37;28;27m.[38;2;37;26;25m.[38;2;31;110;116m-[38;2;23;229;245m#[38;2;31;119;125m-[38;2;37;20;19m [38;2;35;52;53m.[38;2;26;195;208m*[38;2;25;208;222m*[38;2;25;204;218m*[38;2;25;205;219m******[0m
[38;2;25;205;219m*[38;2;25;206;220m*[38;2;25;204;218m*[38;2;34;62;64m:[38;2;37;28;27m.[38;2;35;47;48m.[38;2;26;189;201m*[38;2;24;220;235m#[38;2;32;99;104m-[38;2;37;26;26m.[38;2;36;30;30m.[38;2;28;154;162m+[38;2;24;226;242m#[38;2;29;141;150m=[38;2;37;28;27m.[38;2;37;26;25m.[38;2;31;110;116m-[38;2;23;229;245m#[38;2;31;119;125m-[38;2;37;20;19m [38;2;35;52;53m.[38;2;26;195;208m*[38;2;25;208;222m*[38;2;25;204;218m**[38;2;25;202;216m*[38;2;25;204;218m*[38;2;25;205;219m***[0m
[38;2;25;205;219m*[38;2;25;206;220m*[38;2;25;204;218m*[38;2;34;62;64m:[38;2;37;28;27m.[38;2;35;47;48m.[38;2;26;189;201m*[38;2;24;220;235m#[38;2;32;99;104m-[38;2;37;26;26m.[38;2;36;30;30m.[38;2;28;154;163m+[38;2;24;226;242m#[38;2;29;142;151m=[38;2;37;28;27m.[38;2;37;26;25m.[38;2;31;110;116m-[38;2;23;229;245m#[38;2;31;119;125m-[38;2;37;20;19m [38;2;35;52;53m.[38;2;26;194;207m*[38;2;25;208;222m*[38;2;25;203;217m*[38;2;25;210;224m*[38;2;24;218;234m*[38;2;25;209;223m*[38;2;25;204;218m*[38;2;25;205;219m**[0m
[38;2;25;205;219m*[38;2;25;206;220m*[38;2;25;204;218m*[38;2;34;62;64m:[38;2;37;28;27m.[38;2;35;47;48m.[38;2;26;189;201m*[38;2;24;220;235m#[38;2;32;99;104m-[38;2;37;26;26m.[38;2;36;30;30m.[38;2;28;154;163m+[38;2;24;226;242m#[38;2;29;142;151m=[38;2;37;28;27m.[38;2;37;26;25m.[38;2;31;110;116m-[38;2;23;229;245m#[38;2;31;118;124m-[38;2;37;22;21m [38;2;35;50;51m.[38;2;26;200;214m*[38;2;25;209;223m**[38;2;26;181;193m+[38;2;30;123;131m=[38;2;26;186;198m+[38;2;25;210;224m*[38;2;25;204;218m*[38;2;25;205;219m*[0m
[38;2;25;205;219m*[38;2;25;206;220m*[38;2;25;204;218m*[38;2;34;63;65m:[38;2;37;29;28m.[38;2;35;48;49m.[38;2;26;189;201m*[38;2;24;220;235m#[38;2;32;100;105m-[38;2;37;27;27m.[38;2;36;31;31m.[38;2;28;154;163m+[38;2;24;226;242m#[38;2;29;142;151m=[38;2;37;29;28m.[38;2;37;27;26m.[38;2;31;110;117m-[38;2;23;229;245m#[38;2;30;128;136m=[38;2;37;18;16m [38;2;36;38;38m.[38;2;33;80;84m:[38;2;26;192;205m*[38;2;25;209;223m*[38;2;34;63;65m:[38;2;38;11;9m [38;2;34;73;76m:[38;2;25;209;224m*[38;2;25;204;218m*[38;2;25;205;219m*[0m
[38;2;25;205;219m*[38;2;25;206;220m*[38;2;25;204;218m*[38;2;34;57;59m:[38;2;37;22;21m [38;2;35;42;42m.[38;2;26;188;200m*[38;2;24;220;236m#[38;2;32;96;100m-[38;2;37;20;20m [38;2;36;24;24m.[38;2;28;152;161m=[38;2;24;227;243m#[38;2;29;140;149m=[38;2;37;22;21m [38;2;37;20;19m [38;2;31;109;115m-[38;2;24;221;236m#[38;2;26;189;202m*[38;2;34;70;73m:[38;2;36;31;30m.[38;2;37;25;24m.[38;2;27;179;191m+[38;2;25;213;228m*[38;2;34;75;78m:[38;2;38;14;12m [38;2;33;85;89m:[38;2;25;210;225m*[38;2;25;204;218m*[38;2;25;205;219m*[0m
[38;2;25;205;219m***[38;2;27;172;183m+[38;2;28;164;174m+[38;2;27;168;179m+[38;2;25;201;215m*[38;2;25;208;223m*[38;2;27;180;192m+[38;2;28;163;174m+[38;2;28;164;175m+[38;2;26;193;206m*[38;2;25;210;224m*[38;2;26;190;203m*[38;2;28;164;174m+[38;2;28;163;174m+[38;2;26;184;196m+[38;2;25;207;221m*[38;2;25;208;223m*[38;2;25;205;219m*[38;2;27;174;185m+[38;2;27;168;179m+[38;2;25;199;213m*[38;2;25;210;225m*[38;2;26;192;205m*[38;2;29;147;156m=[38;2;26;196;209m*[38;2;25;208;223m*[38;2;25;204;218m*[38;2;25;205;219m*[0m
[38;2;25;205;219m***[38;2;25;212;227m*[38;2;24;214;228m*[38;2;25;213;227m*[38;2;25;206;220m*[38;2;25;204;218m*[38;2;25;210;225m*[38;2;24;214;228m**[38;2;25;208;222m*[38;2;25;204;218m*[38;2;25;208;222m*[38;2;24;214;228m*[38;2;24;214;229m*[38;2;25;209;224m*[38;2;25;205;219m*[38;2;25;204;218m*[38;2;25;205;219m*[38;2;25;212;227m*[38;2;24;213;228m*[38;2;25;206;220m*[38;2;25;204;218m*[38;2;25;208;222m*[38;2;24;216;231m*[38;2;25;207;221m*[38;2;25;204;218m*[38;2;25;205;219m**[0m
[38;2;25;204;218m*[38;2;25;205;219m**[38;2;25;203;217m***[38;2;25;205;219m**[38;2;25;204;218m*[38;2;25;203;217m**[38;2;25;204;218m*[38;2;25;205;219m*[38;2;25;204;218m*[38;2;25;203;217m**[38;2;25;204;218m*[38;2;25;205;219m***[38;2;25;203;217m**[38;2;25;205;219m**[38;2;25;204;218m*[38;2;25;203;216m*[38;2;25;204;218m*[38;2;25;205;219m**[38;2;25;204;218m*[0m
[38;2;24;204;219m*[38;2;25;207;221m*[38;2;25;205;219m**************************[38;2;25;207;221m*[38;2;24;204;218m*[0m
[38;2;25;205;219m*[38;2;26;215;229m*[38;2;25;205;218m*[38;2;25;205;219m************************[38;2;25;205;218m*[38;2;26;215;229m*[38;2;25;205;219m*[0m
 [38;2;26;211;225m*[38;2;25;207;221m*[38;2;25;204;218m*[38;2;25;205;219m**********************[38;2;25;204;218m*[38;2;25;207;221m*[38;2;26;211;225m*[0m
 [38;2;24;202;215m*[38;2;28;227;243m#[38;2;25;205;219m*[38;2;25;204;218m*[38;2;25;205;219m********************[38;2;25;204;218m*[38;2;25;205;219m*[38;2;28;227;243m#[38;2;24;204;219m*[0m
  [38;2;24;204;219m*[38;2;26;211;226m*[38;2;26;214;229m*[38;2;25;207;221m*[38;2;25;205;219m******************[38;2;25;207;221m*[38;2;26;214;229m*[38;2;26;211;226m*[38;2;26;206;219m*[0m
    [38;2;26;211;225m*[38;2;25;208;223m*[38;2;25;206;219m*[38;2;25;205;219m****************[38;2;25;206;219m*[38;2;25;208;223m*[38;2;26;211;225m*[0m
